1 2 4 4 2 
expected_value(dice_6, 10000) =3.5188
expected_value(dice_100, 10000) =50.6809
expected_value(dice_2, 10000) =1.5044
expected_value(three_dice, 10000) =55.2709


probability for dice_100, number_of_rolls = 100000
[0.997, 1.037, 1.005, 1.034, 1.023, 1.022, 0.998, 1, 0.941, 1.01, 1.001, 1.066, 1.057, 0.982, 0.976, 1.019, 1.008, 0.953, 1.033, 1.03, 0.993, 1.037, 1.024, 0.987, 0.936, 1.071, 0.993, 0.993, 1.027, 1.006, 1.018, 1.061, 0.983, 1.029, 0.988, 1.027, 0.943, 1.038, 0.98, 0.975, 0.983, 1.027, 0.973, 0.973, 1.019, 0.975, 0.964, 0.998, 0.97, 1.027, 0.967, 1.048, 0.994, 0.977, 1.004, 0.985, 1.025, 0.959, 1.007, 0.991, 1.059, 1.027, 1, 1.003, 1.007, 0.961, 0.986, 1.022, 1.019, 1.034, 0.98, 1.026, 0.988, 0.986, 1.037, 0.927, 0.94, 0.97, 1.075, 0.973, 0.992, 1.036, 0.928, 0.991, 1.03, 0.96, 1.034, 0.974, 0.993, 0.976, 1.016, 0.933, 0.954, 1.036, 1.054, 0.966, 1.013, 1.011, 1.032, 0.956]
summ of probabilities = 99.116

probability for p100, number_of_rolls = 100000
[2.036, 1.978, 1.887, 1.883, 1.909, 1.928, 1.899, 1.846, 1.862, 1.78, 1.807, 1.764, 1.773, 1.736, 1.682, 1.751, 1.644, 1.611, 1.619, 1.626, 1.635, 1.563, 1.538, 1.538, 1.543, 1.52, 1.472, 1.419, 1.394, 1.433, 1.377, 1.391, 1.343, 1.302, 1.364, 1.292, 1.296, 1.228, 1.185, 1.282, 1.191, 1.138, 1.143, 1.146, 1.096, 1.148, 1.128, 1.034, 1.054, 0.976, 0.962, 0.967, 0.914, 0.936, 0.918, 0.901, 0.839, 0.895, 0.833, 0.785, 0.82, 0.756, 0.741, 0.784, 0.727, 0.696, 0.683, 0.655, 0.6, 0.609, 0.613, 0.545, 0.551, 0.535, 0.537, 0.469, 0.475, 0.463, 0.419, 0.413, 0.378, 0.392, 0.335, 0.365, 0.318, 0.305, 0.266, 0.252, 0.203, 0.2, 0.196, 0.181, 0.146, 0.128, 0.11, 0.111, 0.058, 0.059, 0.034, 0.006]
summ of probabilities = 100.268

probability for b100, number_of_rolls = 100000
[0.013, 0.032, 0.061, 0.072, 0.092, 0.108, 0.145, 0.146, 0.173, 0.189, 0.183, 0.246, 0.25, 0.247, 0.309, 0.323, 0.326, 0.323, 0.365, 0.375, 0.423, 0.446, 0.443, 0.451, 0.506, 0.482, 0.526, 0.567, 0.569, 0.616, 0.622, 0.65, 0.644, 0.69, 0.685, 0.701, 0.754, 0.734, 0.72, 0.803, 0.834, 0.861, 0.892, 0.92, 0.891, 0.837, 0.927, 0.968, 0.989, 0.978, 0.997, 0.952, 1.048, 1.049, 1.116, 1.135, 1.15, 1.101, 1.152, 1.207, 1.175, 1.205, 1.299, 1.275, 1.342, 1.369, 1.4, 1.386, 1.363, 1.391, 1.355, 1.415, 1.437, 1.472, 1.445, 1.566, 1.487, 1.513, 1.537, 1.579, 1.584, 1.614, 1.771, 1.673, 1.688, 1.736, 1.651, 1.761, 1.741, 1.842, 1.856, 1.801, 1.773, 1.893, 1.915, 1.86, 1.961, 1.987, 2.033, 2.086]
summ of probabilities = 98.165

probability for three_6, number_of_rolls = 100000
[0, 0, 0.561, 1.517, 2.834, 4.718, 7.204, 9.684, 11.215, 12.448, 12.471, 11.223, 9.531, 7.068, 4.753, 2.844, 1.527, 0.576]
summ of probabilities = 99.598

expected_value(double_dice_100, 100000) =100.941
expected_value(s_d_d_100, 100000) =101.023
probability for double_dice-100, number_of_rolls = 100000
[0, 0, 0, 0.001, 0.001, 0.004, 0.006, 0.01, 0.011, 0.022, 0.014, 0.029, 0.021, 0.035, 0.034, 0.034, 0.037, 0.058, 0.068, 0.067, 0.074, 0.084, 0.092, 0.114, 0.114, 0.101, 0.133, 0.137, 0.115, 0.172, 0.165, 0.15, 0.182, 0.207, 0.197, 0.203, 0.218, 0.219, 0.252, 0.251, 0.274, 0.275, 0.296, 0.292, 0.313, 0.335, 0.359, 0.375, 0.391, 0.374, 0.421, 0.414, 0.427, 0.443, 0.484, 0.492, 0.505, 0.558, 0.561, 0.558, 0.61, 0.629, 0.628, 0.648, 0.674, 0.662, 0.662, 0.699, 0.689, 0.753, 0.763, 0.773, 0.752, 0.784, 0.822, 0.816, 0.813, 0.917, 0.911, 0.893, 1.003, 1.013, 0.972, 1.072, 0.968, 1.02, 1.131, 1.087, 1.144, 1.11, 1.184, 1.138, 1.267, 1.202, 1.183, 1.23, 1.292, 1.261, 1.279, 1.26, 1.267, 1.343, 1.288, 1.269, 1.277, 1.168, 1.239, 1.174, 1.099, 1.137, 1.112, 1.178, 1.066, 1.066, 1.1, 1.064, 1.007, 1.01, 0.977, 0.969, 0.88, 0.966, 0.872, 0.83, 0.876, 0.849, 0.832, 0.884, 0.769, 0.781, 0.745, 0.76, 0.693, 0.658, 0.65, 0.621, 0.615, 0.662, 0.575, 0.579, 0.573, 0.579, 0.545, 0.526, 0.495, 0.524, 0.459, 0.497, 0.468, 0.406, 0.473, 0.408, 0.36, 0.384, 0.38, 0.318, 0.323, 0.335, 0.313, 0.254, 0.264, 0.262, 0.238, 0.231, 0.229, 0.213, 0.227, 0.205, 0.171, 0.168, 0.16, 0.138, 0.136, 0.119, 0.116, 0.108, 0.135, 0.103, 0.081, 0.096, 0.064, 0.066, 0.05, 0.032, 0.053, 0.042, 0.029, 0.03, 0.032, 0.02, 0.022, 0.016, 0.014, 0.008, 0.006, 0.005, 0.001, 0.003, 0.003, 0]
summ of probabilities = 99.916